***************************************
* Resolution du Fm|delai min-max|Cmax *
***************************************

Mode FICHIER UNIQUE
borninf=1739=368+631+740
139
192
257
354
357
422
474
Borne sup pvc = 2195
139
191
288
307
330
407
492
105
202
205
267
363
382
443
 Borne sup pr1 = 1967
sa:105
sa:202
sa:205
sa:267
sa:363
sa:382
sa:443
 Borne sup sa = 1967
  sa Ordo :4 1 5 0 6 2 3 
  bs au noeud racine : 1967
  binf du noeud racine : 1739 (0).
  Durée d'execution : 0.00.
  Ordo :4 1 5 0 6 2 3 
262
281
341
414
466
563
262
359
378
401
464
514
242
261
324
409
461
524
242
294
306
404
469
554
283
286
353
405
473
570
283
380
383
435
487
570
258
287
352
404
501
504
258
310
407
426
449
526
201
220
283
368
465
470
201
298
317
340
417
502
258
297
358
410
478
575
258
310
407
426
478
539
236
239
298
355
440
492
236
239
291
362
427
512
288
291
340
392
477
288
291
343
414
475
288
337
395
493
558
288
300
398
463
548
289
292
359
411
479
244
341
344
396
472
285
288
367
432
484
285
288
340
411
476
288
291
350
403
502
288
291
350
407
492
279
303
364
416
484
229
326
345
397
477
340
361
422
474
295
392
411
460
331
369
430
529
331
369
434
519
316
368
449
546
316
413
465
514
336
367
432
484
291
388
407
459
326
345
397
477
326
345
397
477
380
401
462
380
401
462
375
423
488
345
397
477
369
454
551
401
453
502
376
407
472
376
407
472
354
357
422
474
309
406
409
458
341
353
426
525
341
353
430
515
350
355
432
484
305
402
405
457
341
344
393
482
341
344
396
472
315
369
454
551
315
412
464
513
340
343
402
459
340
343
402
459
337
359
457
522
291
350
407
492
326
329
396
495
326
329
400
485
337
340
404
469
337
340
404
469
316
340
405
490
316
340
405
490
377
398
459
377
398
459
365
435
500
340
405
490
366
451
548
398
450
499
373
404
469
373
404
469
391
394
459
391
394
459
329
396
495
329
400
485
387
392
469
387
392
469
366
451
548
402
454
503
340
352
425
545
340
352
450
511
307
319
392
491
307
319
396
481
337
349
447
512
337
349
447
512
337
395
493
558
300
398
463
548
291
362
423
522
291
362
427
512
340
352
425
545
340
352
450
511
378
381
448
500
333
430
433
482
308
405
424
465
353
358
421
496
340
343
402
455
340
343
402
455
368
392
453
505
318
415
434
483
359
384
457
359
384
457
389
401
499
389
401
499
352
425
545
352
450
511
343
392
509
343
414
475
343
392
489
343
402
455
399
402
469
399
402
469
389
392
477
389
392
477
389
413
474
389
413
474
318
415
434
465
363
366
421
496
337
349
447
512
337
349
447
512
384
387
458
510
339
436
439
491
337
340
399
456
337
340
399
456
374
398
463
515
324
421
440
492
389
401
499
389
401
499
356
390
467
356
390
467
349
447
512
349
447
512
340
411
476
340
411
476
389
392
477
389
392
477
340
399
456
340
399
456
405
408
479
405
408
479
395
419
484
395
419
484
294
297
383
444
496
294
346
358
456
517
291
294
365
450
502
291
343
355
432
517
291
310
373
425
478
291
343
355
453
518
294
313
376
461
555
294
297
383
448
533
266
305
370
455
507
266
318
356
421
506
294
343
401
499
564
294
306
404
469
554
342
361
422
474
342
394
432
493
319
371
452
548
363
415
467
517
338
367
432
484
338
390
428
493
328
347
406
505
328
347
410
495
318
356
417
516
318
356
421
506
382
401
462
382
401
462
403
455
504
403
455
504
378
407
472
378
407
472
377
440
505
347
410
495
356
359
422
474
356
408
420
493
352
355
432
484
352
404
416
493
343
346
407
506
343
346
411
496
318
372
457
553
352
404
456
506
343
355
428
527
343
355
432
517
346
349
410
530
346
349
435
496
332
335
402
501
332
335
406
491
343
362
420
497
343
346
432
497
307
346
407
506
307
346
411
496
343
380
478
543
297
383
448
533
380
383
450
502
380
432
444
517
311
407
410
496
355
407
419
517
346
349
410
530
346
349
435
496
355
394
455
507
355
407
445
506
346
358
431
551
346
358
456
517
401
404
471
401
404
471
395
398
484
395
398
484
376
415
476
376
415
476
349
410
530
349
435
496
321
417
420
506
365
417
429
527
386
389
460
512
386
438
450
527
343
362
420
497
343
346
432
497
361
400
465
517
361
413
451
516
343
355
453
518
343
355
453
518
283
302
363
460
465
283
380
399
422
495
298
317
380
465
559
298
301
387
452
537
304
307
378
463
560
304
401
404
456
519
279
308
368
445
542
279
376
395
418
495
279
318
383
468
565
279
376
395
447
508
298
301
360
413
512
298
301
360
417
502
350
353
414
534
350
353
439
500
317
320
382
481
317
320
386
471
347
366
424
501
347
350
436
501
301
326
387
486
301
326
391
476
347
384
482
547
301
387
452
537
363
382
443
363
382
443
384
436
485
384
436
485
359
388
453
359
388
453
350
421
486
326
391
476
438
534
473
522
472
568
448
477
382
443
412
477
438
534
449
498
448
544
445
497
436
485
433
485
472
568
458
477
448
544
479
531
411
477
388
453
377
380
443
377
380
443
373
376
453
373
376
453
373
425
476
373
425
476
320
382
481
320
386
471
438
534
449
498
448
544
445
497
425
476
422
486
460
557
462
465
438
534
462
511
426
465
380
443
404
407
474
404
407
474
399
402
488
399
402
488
379
418
479
379
418
479
353
414
534
353
439
500
399
402
488
399
402
488
407
410
481
407
410
481
382
421
486
382
421
486
350
436
501
350
436
501
350
353
412
465
350
353
412
465
347
369
467
532
301
360
417
502
317
320
385
484
317
320
389
474
347
350
409
466
347
350
409
466
305
329
394
479
305
329
394
479
366
387
448
366
387
448
354
424
489
329
394
479
355
440
537
387
439
488
362
393
458
362
393
458
387
448
415
482
476
525
440
537
451
482
474
571
452
501
440
537
439
488
436
488
450
547
448
500
380
383
448
380
383
448
320
385
484
320
389
474
376
381
458
376
381
458
355
440
537
391
443
492
353
402
499
353
412
465
404
407
474
404
407
474
399
402
482
399
402
482
394
418
479
394
418
479
355
374
435
532
355
452
471
520
391
410
469
568
391
410
473
558
376
428
477
574
376
428
525
574
351
380
445
542
351
448
467
519
376
395
447
508
376
395
447
508
369
372
435
532
369
418
515
518
401
404
465
564
401
404
469
554
365
368
445
542
365
462
465
517
365
417
468
565
365
417
514
563
401
404
453
529
401
404
456
519
380
383
444
564
380
383
469
530
393
396
463
560
393
442
539
542
369
400
460
557
368
465
484
507
368
407
468
565
368
465
484
533
380
383
442
495
380
383
442
495
401
404
471
401
404
471
429
432
518
429
432
518
383
415
476
383
415
476
383
444
564
383
469
530
383
432
529
383
442
495
399
402
469
399
402
469
429
432
491
429
432
491
389
413
474
389
413
474
334
353
414
466
563
334
386
483
502
551
370
389
452
537
589
370
422
460
525
610
355
407
459
508
605
355
407
459
556
605
330
359
424
476
573
330
382
479
498
550
320
339
402
487
584
320
417
436
488
549
355
374
423
475
527
310
407
426
478
539
  Optimal : 1967 (46).
  Durée d'execution : 0.09.
  Ordo : 4 1 5 0 6 2 3 
  Durée avant de trouver l'optimal : 0.00.
  Ecart entre la première borne inf et l'optimal : 228.
  Nombre de noeuds avant l'optimal : 0.
  Nombre de noeuds total : 204
 Compteurs : 
  cptsttpr1 : 75
  cptsttpr2 : 0
  cptsttsa  : 0
  cptsttpr4 : 0
  cptsttpvc : 44
  cptpr1 : 65
  cptpr2 : 0
  cptsa  : 0
  cptpr4 : 0
  cptpvc : 65
